Data=[34.76
35.29
35.49
35.01
34.25
33.63
34.33
35.03
34.37
33.72
33.39
33.33
33.6
33.64
33.41
34.31
34.88
34.91
34.99
35.6
35.6
35.55
35.15
35.15
34.98
34.65
35.08
34.65
35.15
35.84
36.32
37.38
36.6
36.6
36.44
36.56
36.48
36.58
36.58
36.77
37.25
37.26
37.31
36.31
36.11
35.65
36.1
35.24
35.11
35.38
35.54
35.31
35.8
35.53
35.88
36
36.14
36.14
35.91
35.81
35.33
34.67
35.28
36.38
36.62
36.89
36.8
37.19
38.59
38.72
38.67
38.49
38.42
38.23
38.39
37.97
37.16
37.91
38.21
36.64
36.74
35.82
36.61
36.31
35.93
36.17
36.19
36.65
36.26
35.5
35.57
34.66
34.14
33.88
34.75
34.91
34.98
34.68
36.11
37.48
37.42
37.61
37.11
36.77
37.24
37.37
37.78
38.18
38.29
37.21
38.86
39.07
39.46
39.58
39.58
38.78
38.73
38.24
36.91
37.09
37.09
36.91
36.44
35.89
36.25
36.06
37.26
37.12
36.96
37.36
37
36.47
37.19
39.01
38.86
39.61
40.1
39.39
39.08
39.01
39.78
40.15
40.34
40.43
40.68
40.77
40.75
40.88
40.71
39.86
39.48
39.12
39.16
39.43
39.36
39.21
38.43
38.1
38.08
38.23
38.5
38.16
38.16
38.34
38.75
38.53
38.32
38.13
37.68
36.96
36.92
36.96
36.78
36.7
36.14
35.66
36.02
35.67
36.2
36.01
35.49
35.19
35.84
35.73
33.7
33.34
34.82
34.79
34.85
35.12
35.12
35.13
35.55
37.13
36.97
37
37.38
37.37
37.04
36.56
37.89
37.58
38.21
38.53
38.09
38.8
38.25
38.75
38.95
40.01
39.68
39.11
39.72
39.83
39.5
40.3
40.3
39.99
39.66
39.57
39.71
39.33
39.25
38.86
39.06
38.94
38.79
38.39
37.81
37.76
37.1
37.06
36.61
36.87
36.75
36.44
37.35
37
38.27
37.98
38.07
38.03
38.8
38.62
38.62
37.99
38.04
38.67
39.28
39.25
39.53
39.48
40
40.11
40.14
39.99
39.62
39.95
39.53
39.09
39.09
38.89
39
39.03
38.63
38.7
38.65
39.91
39.3
38.93
38.78
39.02
39.09
38.47
38.46
38.64
38.16
37.67
38.15
38.61
38.61
38.26
37.67
37.55
37.66
37.18
34.73
35.18
34.81
34.36
33.33
32.25
33.64
33.45
33.45
33.92
33.96
33.52
32.37
32.37
32.98
34.27
34.93
34.9
34.66
35.1
35.11
35.68
34.69
34.42
34.69
35.7
36.52
36.52
38.45
37.95
36.76
36.95
36.69
37.65
35.93
35.55
35.55
35.09
35.68
35.75
35.55
35.23
35.93
35.69
35.7
36.57
36.88
36.46
36.25
36.03
36.47
36.59
33.54
33.13
32.65
32
30.56
32.12
31.34
31.2
31.08
31.93
32.34
32.12
31.79
32.31
32.6
32.65
34.25
34.12
34.25
34
33.3
34.2
33.67
33.67
33.73
33.55
34.75
35.32
36.08
35.73
35.1
35.02
34.63
34.25
34.06
33.77
33.87
33.91
34.38
35.29
35.6
36.05
36.05
36.36
37.12
37.32
37.69
35.95
35.67
36.13
36.91
36.77
36.38
36.29
35.94
36.2
36.16
36.59
37.51
37.66
37.58
37.6
37.73
36.62
37.14
37.91
37.67
37.53
36.75
37.65
39.48
39.27
39.4
39.31
39.87
40.03
39.56
39.36
39.27
39.3
40.09
39.75
39.16
39.47
38.97
38.97
39.5
39.4
40.52
40.37
41.01
40.61
41.25
41.12
41.95
42.26
43.95
43.91
43.57
44.45
44.18
44.85
44.25
44.01
43.93
43.41
43.78
43.2
42.7
37.83
37.38
38.3
38.3
38.39
37.85
38.28
38.09
37.79
38.3
38.03
36.94
36.63
36.89
37.16
36.27
36.33
36.34
36.71
36.15
36.2
36.42
36.74
37.65
38.25
38.11
37.93
37.69
37.61
37.77
38.93
39.22
39.17
38.73
38.83
39
39.07
37.83
37.68
38
38.03
36.94
35.76
36.34
36.34
35.47
34.87
35.99
35.17
36.35
37.58
36.89
37.01
37.94
37.85
37.69
38.01
37.83
37.84
37.84
37.74
37.93
37.74
37.43
37.79
39.35
40.17
41.54
40.91
40.91
40.56
40.77
41.09
41.09
41.85
41.81
41.4
42
41.46
40.75
42.39
41.86
39.54
41
42.43
42.41
42.7
43.02
43.49
43.16
44.16
43.38
43.29
43.15
43.86
44.03
44.19
44.07
44.07
44.19
43
44.05
44.22
44.01
44.14
42.82
41.8
40.99
40.99
41.38
41.31
41.8
42.02
42.02
42.16
42.52
42.49
42.15
40.95
40.81
41.4
41.53
41.67
42.02
42.02
42.15
42.8
43.05
42.79
43.09
43.81
44.92
44.17
44.46
44.29
44.29
44.97
44.88
43.88
43.6
42.86
43
43.57
42.66
42.11
42.11
41.7
42.14
42.34
42.6
43.13
42.98
43.37
44.64
45.25
45.12
46.48
45.15
45.61
45.35
45.12
45.02
45.76
45.88
44.89
45.47
45.21
45.33
44.93
43.85
43.78
43.45
42.15
40.38
40.58
40.58
40.26
40.3
39.42
39.1
38.88
38.7
38.59
38.88
38.79
38.21
37.89
37.35
37
36.91
37.67
37.23
37.36
37.36
36.54
35.82
35.52
35.51
35.6
35.52
35.49
35.3
34.91
34.83
35
35.75
35.54
35.47
34.93
34.88
35.28
35.39
35.3
35.27
34.77
34.82
34.76
35.98
35.77
35.94
35.62
35.57
35.82
36.07
36.41
36.47
36.43
36.38
36.35
35.86
35.5
35.4
35.19
34.94
34.87
35.01
35.57
35.57
34.93
34.86
34.58
34.21
34.52
34.2
34.19
34.13
34.4
34.35
34.29
34.6
34.61
34.51
34.68
34.34
34.11
34.34
34.43
34.46
34.45
34.43
33.93
33.53
33.07
33.07
32.6
33.2
33.22
32.92
32.72
32.47
32.42
33.42
33.82
33.62
34.11
34.23
34.26
33.97
33.77
33.15
33.48
33.2
34.2
34.64
34.54
34.38
33.99
33.91
33.75
34.1
33.79
33.69
33.9
33.39
33.39
33.94
33.92
33.97
33.71
34.16
34
34.27
34.17
35.36
35.41
35.54
35.56
34.71
34.56
34.26
34.39
34.55
35.71
36.33
37.08
37.09
36.96
36.87
36.83
36.83
37.27
37.52
37.91
38.23
37.76
37.43
36.84
37.27
36.9
37.25
37.84
37.81
37.22
37.22
37.03
37.08
37.24
35.52
35.17
35.08
35.14
35.1
36.83
36.33
35.73
36.14
36.61
36.33
37.01
37.52
38.28
37
36.65
37.01
37.3
37.47
37.31
37.34
37.34
37.51
37.95
37.35
36.01
35.99
36.39
37.09
35.15
34.84
34.84
35.14
35.15
35.54
35.69
35.69
35.69
36.42
36.61
36.4
36.37
36.24
35.95
37.36
37.1
37.66
36.42
36.3
35.07
34.94
35.41
36.43
34.53
34.57
34.05
34.25
33.86
33.86
33.81
33.01
33
33.42
33.23
33.43
33.28
34.02
32.73
30.96
31.73
32.02
31.16
31.07
31.45
31.48
31.6
31.32
31.33
31.58
31.6
32.98
32.04
31.75
31.85
31.4
31.56
31.87
31.51
31.68
31.89
32.15
32.34
32.53
32.68
32.17
32.04
31.77
31.48
31.9
31.6
31.8
32.12
32.39
32.11
31.65
31.72
30.97
31.12
30.71
30.94
31.18
30.48
31.71
31.89
32.12
32.16
32.16
31.8
31.92
31.67
31.81
31.53
31.54
31.78
31.9
31.87
31.83
31.55
31.85
31.71
31.86
31.57
31.75
31.25
31.07
30.88
30.8
30.34
30.24
29.93
31.3
31.54
30.99
32.02
32.15
32.06
32.16
32.03
31.49
31.25
30.87
30.77
30.76
30.63
30.6
30.13
29.66
28.74
28.4
28.17
28.89
28.89
28.3
28.17
27.74
27.51
28.35
29.82
29.32
29.51
29.65
29.23
29.02
28.86
28.83
29.08
29.06
29.36
29.57
30.23
29.99
29.6
30.26
30.22
31.28
31.39
31.39
31.29
31.65
31.05
30.59
30.57
30.32
30.75
30.63
30.67
30.52
31.18
31.08
31.35
30.78
30.96
30.54
30.59
31.25
31.75
31.8
32.44
32.16
32.19
31.95
32.18
32.66
32.19
31.97
31.31
30.56
30.72
30.78
29.71
29.53
29.37
29.42
29.94
29.6
29.9
30.47
31.43
30.99
31.19
31.02
30.96
30.96
31.31
31.9
32.08
31.96
31.96
31.69
31.05
31.18
31.26
30.82
30.54
30.68
31.59
31.37
31.07
30.15
30.01
29.44
29.63
29.5
28.84
29.38
29.63
28.78
29.03
29.27
28.58
27.71
27.71
26.9
27.71
27.87
28.68
28.54
28.64
28.92
29.65
30.11
29.64
29.02
29.21
29.65
29.23
29.28
29.55
29.42
29.4
29.57
29.57
30.3
30.49
30.3
30.25
29.53
29.99
31.27
32.43
33.31
34.01
34.01
34.33
34.5
34.51
34.6
34.6
34.78
34.29
33.83
33.67
34.11
35.14
34.54
34.39
34.55
35.63
35.45
35.48
36.13
36.25
35.47
35.73
36.26
36.2
36.37
36.34
36.34
36.22
36.08
36.34
36.14
36.46
35.21
35.17
34.31
35.09
35.55
35.62
35.67
35.75
35.44
35.42
35.78
35.57
34.91
34.75
35.22
34.97
35.67
35.95
35.42
35.42
33.48
33.24
33.15
33.32
33.33
33.13
33.02
32.95
33.43
33.05
32.22
31.76
31.73
30.67
30.02
29.15
28.56
29.41
29.44
29.72
30.03
30.62
30.51
31.31
31.2
30.99
30.72
30.15
30
29.62
29.88
28.88
28.88
29.11
29.21
28.64
29.44
29
